0.0 -20.0 
0.0 -18.0 
0.0 -16.0 
0.0 -14.0 
0.0 -12.0 
0.0 -10.0 
0.0 -8.0 
0.0 -6.0 
0.0 -4.0 
0.0 -2.0 
0.0 0.0 
0.0 2.0 
0.0 4.0 
0.0 6.0 
0.0 8.0 
0.0 10.0 
0.0 12.0 
0.0 14.0 
0.0 16.0 
0.0 18.0 
0.0 20.0 
0.0 20.8 
0.0 22.0 
0.0 23.0 
0.0 24.0 
1.0 24.0 
3.0 24.0 
5.0 24.0 
7.0 24.0 
10.0 24.0 
12.24 22.3200009 
14.48 20.6400007 
16.72 18.9600006 
18.96 17.2800009 
21.2 15.5999997 
23.44 13.9200005 
25.68 12.2400006 
27.92 10.5599993 
30.16 8.88000029 
32.4 7.20000046 
32.808626325 6.8745311762500005 
33.1964627 6.52716237 
33.563509124999996 6.1578940412500005 
33.9097656 5.76672619 
34.2326832875 5.3560815425 
34.5303357 4.9288995 
34.802722837500006 4.4851800625 
35.0498447 4.02492323 
35.269777024999996 3.5510714025 
35.4613205 3.06692956 
35.624475125000004 2.5724977025 
35.7592409 2.06777583 
35.8644210375 1.5560704435975983 
35.9396076 1.04087257 
35.984800587500004 0.5221822092072053 
36.0 -6.38780786e-07 
35.984800587500004 -0.5221834045427949 
35.9396076 -1.04087367 
35.8644210375 -1.5560714351524019 
35.7592409 -2.0677767 
35.624475125000004 -2.57249820875 
35.4613205 -3.06692968 
35.269777024999996 -3.55107111375 
35.0498447 -4.02492251 
34.802722837500006 -4.4851787975 
34.5303357 -4.92889838 
34.2326832875 -5.3560812575 
33.9097656 -5.76672743 
33.563509124999996 -6.15789408 
33.1964627 -6.52716156 
32.808626325 -6.87452987 
32.4 -7.19999901 
30.16 -8.88000081 
27.92 -10.5600002 
25.68 -12.2400005 
23.44 -13.9199993 
21.2 -15.5999991 
18.96 -17.2800008 
16.72 -18.9600005 
14.48 -20.640001 
12.24 -22.32 
10.0 -24.0 
7.0 -24.0 
5.0 -24.0 
3.0 -24.0 
1.0 -24.0 
0.0 -24.0 
0.0 -23.0 
0.0 -22.0 
0.0 -20.8 
24.003628825 -0.14737944549614002 
24.0144458 -0.294051186 
24.032450925 -0.44001491583462 
24.0576442 -0.585270635 
24.08995565 -0.7291107543750001 
24.129179 -0.87085414 
24.175314250000003 -1.010500791875 
24.2283614 -1.14805071 
24.288113775 -1.28282301625 
24.3542362 -1.41419045 
24.426728675 -1.5421530112500001 
24.5055912 -1.6667107 
24.5904881875 -1.7872365325000001 
24.6809686 -1.90318001 
24.7770324375 -2.0145411325 
24.8786797 -2.1213199 
24.985458799999996 -2.2229668499999997 
25.0968201 -2.31903056 
25.2127636 -2.40951103 
25.3332893 -2.49440826 
25.457847125 -2.57327141375 
25.5858098 -2.64576421 
25.717177325 -2.71188664875 
25.8519497 -2.77163873 
25.9894995125 -2.82468606125 
26.129146 -2.87082151 
26.2708891625 -2.9100450762500003 
26.414729 -2.94235676 
26.559984825 -2.96755005125 
26.7059486 -2.98555516 
26.852620325 -2.99637208625 
27.0 -3.00000083 
27.147379675 -2.99637105375 
27.2940514 -2.98555361 
27.440015175 -2.9675484987500003 
27.585271 -2.94235572 
27.7291108375 -2.91004496625 
27.870854 -2.87082198 
28.0105004875 -2.8246867612499997 
28.1480503 -2.77163931 
28.282822675 -2.71188649625 
28.4141902 -2.64576371 
28.542152875 -2.57327095125 
28.6667107 -2.49440822 
28.7872364 -2.4095110625 
28.9031799 -2.31903085 
29.014541200000004 -2.2229675825 
29.1213203 -2.12132126 
29.2229675625 -2.0145419275 
29.3190314 -1.90318039 
29.4095118125 -1.7872366474999999 
29.4944088 -1.6667107 
29.573271325 -1.54215336 
29.6457638 -1.41419101 
29.711886225 -1.28282365 
29.7716386 -1.14805128 
29.824685749999997 -1.010501089375 
29.870821 -0.87085427 
29.91004435 -0.729110821875 
29.9423558 -0.585270745 
29.967549075 -0.4400149593618591 
29.9855542 -0.294051325 
29.996371175 -0.1473798419144226 
30.0 -5.10105127e-07 
29.996371175 0.14737936608557733 
29.9855542 0.294051252 
29.967549075 0.44001514763814087 
29.9423558 0.585271053 
29.91004435 0.7291101656250001 
29.870821 0.870853036 
29.824685749999997 1.010499664125 
29.7716386 1.14805005 
29.711886225 1.28282287375 
29.6457638 1.41419065 
29.573271325 1.5421533787500001 
29.4944088 1.66671106 
29.4095118125 1.78723599875 
29.3190314 1.9031791 
29.2229675625 2.01454036375 
29.1213203 2.12131979 
29.014541200000004 2.222966805 
28.9031799 2.31903068 
28.7872364 2.409511415 
28.6667107 2.49440901 
28.542152875 2.57327169125 
28.4141902 2.64576403 
28.282822675 2.71188602625 
28.1480503 2.77163768 
28.0105004875 2.8246853237500003 
27.870854 2.87082078 
27.7291108375 2.9100440487500006 
27.585271 2.94235513 
27.440015175 2.9675482675000002 
27.2940514 2.98555333 
27.147379675 2.9963703175 
27.0 2.99999923 
26.852620325 2.9963702625 
26.7059486 2.98555351 
26.559984825 2.9675489725 
26.414729 2.94235665 
26.2708891625 2.9100447324999994 
26.129146 2.87082122 
25.9894995125 2.8246861125 
25.8519497 2.77163941 
25.717177325 2.71188701375 
25.5858098 2.64576454 
25.457847125 2.57327198875 
25.3332893 2.49440936 
25.2127636 2.409512085 
25.0968201 2.31903151 
24.985458799999996 2.222967635 
24.8786797 2.12132046 
24.7770324375 2.0145407875 
24.6809686 1.90317914 
24.5904881875 1.7872355175 
24.5055912 1.66670992 
24.426728675 1.5421530262499998 
24.3542362 1.41419083 
24.288113775 1.28282333125 
24.2283614 1.14805053 
24.175314250000003 1.010500526625 
24.129179 0.870853981 
24.08995565 0.7291108931250001 
24.0576442 0.585271263 
24.032450925 0.44001575816537997 
24.0144458 0.294052097 
24.003628825 0.14738027950386 
24.0 3.0567696e-07 
