The input file name is AMOREBracket.txt.

                      DISPLACEMENT

  Node No.           x-displacement                   y-displacement
     0            0.000000000000000e+00            0.000000000000000e+00
     1           -9.625083479907566e-06           -1.188363846802615e-05
     2           -1.958398680951231e-05           -2.569072112316461e-05
     3           -2.817442452417545e-05           -3.913041806912325e-05
     4           -3.531195577751955e-05           -5.226819826310524e-05
     5           -4.142077663899322e-05           -6.434637170561863e-05
     6           -4.665749693147550e-05           -7.482497819336435e-05
     7            0.000000000000000e+00            0.000000000000000e+00
     8           -7.510938714784923e-06           -1.072435929178101e-05
     9           -1.534913944723520e-05           -2.339474579821312e-05
    10           -2.305314250040503e-05           -3.657217512270334e-05
    11           -3.026027292495692e-05           -4.965417799833361e-05
    12           -3.689708012470134e-05           -6.217679415107664e-05
    13           -4.306831838795428e-05           -7.410689220377548e-05
    14           -4.831559973306594e-05           -8.576824663353538e-05
    15            0.000000000000000e+00            0.000000000000000e+00
    16           -6.125224687921948e-06           -9.992653716682474e-06
    17           -1.261075940414407e-05           -2.166335576957603e-05
    18           -1.939132202519178e-05           -3.426178695831475e-05
    19           -2.624291379755622e-05           -4.714338014776547e-05
    20           -3.295763530943445e-05           -5.993447275856287e-05
    21           -3.933055770322551e-05           -7.259755109758763e-05
    22           -4.544772062448919e-05           -8.565289117380223e-05
    23           -5.115119185609850e-05           -9.956561419735243e-05
    24            0.000000000000000e+00            0.000000000000000e+00
    25           -5.228927797721357e-06           -9.474131243114751e-06
    26           -1.080191152645099e-05           -2.039240807313542e-05
    27           -1.672881608269978e-05           -3.234989527935351e-05
    28           -2.290246354968342e-05           -4.490622343381705e-05
    29           -2.914913514598187e-05           -5.778670679919389e-05
    30           -3.530803154604308e-05           -7.100775070707821e-05
    31           -4.126555177156184e-05           -8.477797043172134e-05
    32           -4.709376649045839e-05           -9.970230389553802e-05
    33           -5.298144783149285e-05           -1.161499153336437e-04
    34           -5.903691859451521e-05           -1.348806960803682e-04
    35            0.000000000000000e+00            0.000000000000000e+00
    36           -4.480699485808040e-06           -9.018353145693743e-06
    37           -9.268970501472584e-06           -1.937028156650756e-05
    38           -1.437429450491815e-05           -3.080528011859270e-05
    39           -1.973810903615627e-05           -4.304577812976991e-05
    40           -2.524521998406719e-05           -5.591965310234288e-05
    41           -3.077092965293520e-05           -6.942971100253871e-05
    42           -3.621605326910851e-05           -8.380290615305555e-05
    43           -4.157136914461380e-05           -9.936456821529700e-05
    44           -4.687195531426991e-05           -1.166616715522671e-04
    45           -5.229981814214142e-05           -1.360438610381595e-04
    46           -5.794214220126208e-05           -1.581431123421031e-04
    47            0.000000000000000e+00            0.000000000000000e+00
    48           -3.761039938788047e-06           -8.619308740663362e-06
    49           -7.776054706295407e-06           -1.854091612639113e-05
    50           -1.204258437637591e-05           -2.958300948591226e-05
    51           -1.652127574277422e-05           -4.156783806178140e-05
    52           -2.113534067696310e-05           -5.439133689506863e-05
    53           -2.579094957161245e-05           -6.808343440350174e-05
    54           -3.041538562446317e-05           -8.282229681455391e-05
    55           -3.494425619233516e-05           -9.893742014196346e-05
    56           -3.932621698328186e-05           -1.168935494786095e-04
    57           -4.354339617074089e-05           -1.371246448070226e-04
    58           -4.741696153562436e-05           -1.599593552783976e-04
    59           -5.140738574223438e-05           -1.856289743706361e-04
    60            0.000000000000000e+00            0.000000000000000e+00
    61           -3.032575791877494e-06           -8.296691533995323e-06
    62           -6.254195936950854e-06           -1.789953902878056e-05
    63           -9.654465470656681e-06           -2.866011010140041e-05
    64           -1.320069581373122e-05           -4.045681710661496e-05
    65           -1.683459934168361e-05           -5.323292258008895e-05
    66           -2.048680159400075e-05           -6.703280104259280e-05
    67           -2.408926676025066e-05           -8.202921467421986e-05
    68           -2.758900620726591e-05           -9.854809666120398e-05
    69           -3.092405702653892e-05           -1.170471089920427e-04
    70           -3.391074893212316e-05           -1.381184969425092e-04
    71           -3.628703341975473e-05           -1.621244867012961e-04
    72           -3.737182895632511e-05           -1.891224076159735e-04
    73           -3.699299798133054e-05           -2.180262058400312e-04
    74           -3.458087168595487e-05           -2.446436072064118e-04
    75            0.000000000000000e+00            0.000000000000000e+00
    76           -2.292764154663975e-06           -8.066064314405020e-06
    77           -4.705785185009415e-06           -1.744840750293342e-05
    78           -7.226113163891174e-06           -2.801990942869332e-05
    79           -9.822737619677066e-06           -3.969316083296077e-05
    80           -1.244602325159233e-05           -5.243956018404015e-05
    81           -1.503522845529490e-05           -6.631404437439935e-05
    82           -1.753387436715545e-05           -8.148323830928282e-05
    83           -1.990275309049766e-05           -9.824873062500104e-05
    84           -2.212183550326294e-05           -1.171179142238256e-04
    85           -2.411056574461445e-05           -1.388095020524341e-04
    86           -2.542576408323587e-05           -1.641799311515922e-04
    87           -2.506224941695110e-05           -1.935099330815991e-04
    88           -2.190845471318167e-05           -2.248508148500700e-04
    89           -1.620202386084306e-05           -2.540031576459433e-04
    90            0.000000000000000e+00            0.000000000000000e+00
    91           -1.553357382158093e-06           -7.931942285912666e-06
    92           -3.161589655560787e-06           -1.718091680885709e-05
    93           -4.813500601903957e-06           -2.763954980408445e-05
    94           -6.480002567394457e-06           -3.924357990304099e-05
    95           -8.114929808469187e-06           -5.198228654863895e-05
    96           -9.660709689022603e-06           -6.591491739611839e-05
    97           -1.106060662087788e-05           -8.118903113605070e-05
    98           -1.227831916032612e-05           -9.807984808447269e-05
    99           -1.332409264842713e-05           -1.170322039003267e-04
   100           -1.432378697906543e-05           -1.389053430856671e-04
   101           -1.517956671468453e-05           -1.651683673132588e-04
   102           -1.493543601124260e-05           -1.975557626684088e-04
   103           -9.633271310674254e-06           -2.337691719716239e-04
   104           -5.768101157114886e-07           -2.655079939274286e-04
   105            0.000000000000000e+00            0.000000000000000e+00
   106           -8.299800372448176e-07           -7.888047617473502e-06
   107           -1.658794622158348e-06           -1.707806222139602e-05
   108           -2.480680907574671e-06           -2.748340409156513e-05
   109           -3.271725770878340e-06           -3.905778341204916e-05
   110           -3.991756480556885e-06           -5.180245604470817e-05
   111           -4.587179533021041e-06           -6.577650558871621e-05
   112           -4.995102535724367e-06           -8.110999981912375e-05
   113           -5.159138044588285e-06           -9.801967397458443e-05
   114           -5.068261697288053e-06           -1.168835109487607e-04
   115           -4.770220874516557e-06           -1.383381367016903e-04
   116           -4.914627954907925e-06           -1.640309623165805e-04
   117           -6.483415533288307e-06           -1.990372879234273e-04
   118           -2.129565641218160e-06           -2.494502590627602e-04
   119            9.082133933438740e-06           -2.889730045017943e-04
   120            0.000000000000000e+00            0.000000000000000e+00
   121           -1.363600579472393e-07           -7.920318258309282e-06
   122           -2.284392851540354e-07           -1.711074230143501e-05
   123           -2.789971088279769e-07           -2.750497358914205e-05
   124           -2.749088023636401e-07           -3.907052893580965e-05
   125           -1.901351018731344e-07           -5.181574467911000e-05
   126            1.319906141126813e-08           -6.579749305537399e-05
   127            3.845586049145828e-07           -8.112892391620277e-05
   128            9.950489570506852e-07           -9.798514449676512e-05
   129            1.946935403674022e-06           -1.166295276979131e-04
   130            3.234779973149365e-06           -1.373802538014646e-04
   131            4.865977268372932e-06           -1.603295994863929e-04
   132            4.281624324242940e-06           -1.959365931108821e-04
   133            0.000000000000000e+00            0.000000000000000e+00
   134            5.186904380557014e-07           -8.011044962216816e-06
   135            1.111406393959520e-06           -1.724573297089226e-05
   136            1.764720100036748e-06           -2.765440440943882e-05
   137            2.475312703787286e-06           -3.921266590250838e-05
   138            3.245174994632284e-06           -5.192911592096811e-05
   139            4.077655008903289e-06           -6.585215240478750e-05
   140            4.974881139905412e-06           -8.107204335809767e-05
   141            5.932092313687937e-06           -9.772543532612685e-05
   142            6.947883191712836e-06           -1.159596025308532e-04
   143            7.855027434347214e-06           -1.356865951022747e-04
   144            8.299045731081397e-06           -1.564507517596028e-04
   145            0.000000000000000e+00            0.000000000000000e+00
   146            1.132165949675275e-06           -8.143206074106611e-06
   147            2.357327155686304e-06           -1.745286001587042e-05
   148            3.651027559059053e-06           -2.788903447813404e-05
   149            4.990619410994494e-06           -3.942747189796576e-05
   150            6.347994531732869e-06           -5.206790408702346e-05
   151            7.681169078208440e-06           -6.583792549351220e-05
   152            8.920126902187170e-06           -8.079183444026254e-05
   153            9.936854044401410e-06           -9.698102856805700e-05
   154            1.044202950218829e-05           -1.144045883489946e-04
   155            9.996245771646292e-06           -1.326140365561907e-04
   156            8.004526069291251e-06           -1.508540808531424e-04
   157           -3.052457902361263e-06           -1.602251536061663e-04
   158            0.000000000000000e+00            0.000000000000000e+00
   159            1.706020258216990e-06           -8.303892242462180e-06
   160            3.517855007915337e-06           -1.771110047702730e-05
   161            5.402069496297519e-06           -2.818267661085894e-05
   162            7.318256815634223e-06           -3.968559960784056e-05
   163            9.210440951848784e-06           -5.220087434038432e-05
   164            1.099642734615198e-05           -6.572611595607581e-05
   165            1.255009980234438e-05           -8.026222483233442e-05
   166            1.366817711615769e-05           -9.578060118503643e-05
   167            1.401576740900505e-05           -1.120677630370051e-04
   168            1.308363399844921e-05           -1.287908227806043e-04
   169            1.084060667510072e-05           -1.444386425167836e-04
   170            6.727756310716638e-06           -1.580995371672136e-04
   171            6.014266539952449e-06           -1.757184607695767e-04
   172            6.842230738998224e-06           -2.049896829997933e-04
   173            0.000000000000000e+00            0.000000000000000e+00
   174            2.245307805383604e-06           -8.485941437191892e-06
   175            4.608115362978802e-06           -1.801160127150588e-05
   176            7.050312526280385e-06           -2.853020471115384e-05
   177            9.519355897936391e-06           -3.999114719690734e-05
   178            1.194025657827567e-05           -5.235012308726456e-05
   179            1.420864692912873e-05           -6.557143312200384e-05
   180            1.618339555064580e-05           -7.961634648650438e-05
   181            1.767773501489576e-05           -9.439746016865588e-05
   182            1.849483914310927e-05           -1.097378359637384e-04
   183            1.850050721693569e-05           -1.253022957449437e-04
   184            1.781211016335272e-05           -1.407750111323634e-04
   185            1.753620635682927e-05           -1.567894767239313e-04
   186            1.822996442189505e-05           -1.765594660618860e-04
   187            1.829161964841395e-05           -2.005380409116456e-04
   188            0.000000000000000e+00            0.000000000000000e+00
   189            2.756395688518657e-06           -8.687368064034446e-06
   190            5.644561660680965e-06           -1.835703934755319e-05
   191            8.627634018446072e-06           -2.894597989287289e-05
   192            1.164772352010892e-05           -4.037743709027525e-05
   193            1.462075637418534e-05           -5.257739794673455e-05
   194            1.743775744695456e-05           -6.548466914753282e-05
   195            1.997386086438734e-05           -7.904446971430151e-05
   196            2.211228983251562e-05           -9.319010638333416e-05
   197            2.378215271004647e-05           -1.078318040164294e-04
   198            2.505653100924856e-05           -1.228683785784791e-04
   199            2.627317422067231e-05           -1.385403780374689e-04
   200            2.780100342607823e-05           -1.555520847856355e-04
   201            2.952253994685445e-05           -1.752347345837257e-04
   202            3.107686451107923e-05           -1.974722494472396e-04
   203            0.000000000000000e+00            0.000000000000000e+00
   204            3.246448074640288e-06           -8.908978105800313e-06
   205            6.643001430062859e-06           -1.875816652972692e-05
   206            1.016052399942440e-05           -2.945858338066435e-05
   207            1.374072594798256e-05           -4.089519745963955e-05
   208            1.729388574539090e-05           -5.296049032638250e-05
   209            2.071378586722538e-05           -6.557687911144862e-05
   210            2.389928141684094e-05           -7.870410897683354e-05
   211            2.678956063869869e-05           -9.233641001345863e-05
   212            2.940688738329238e-05           -1.064963900041934e-04
   213            3.188987066899867e-05           -1.213106880752726e-04
   214            3.453877381936122e-05           -1.370942601920850e-04
   215            3.736208626064338e-05           -1.543427005813254e-04
   216            4.070044483847674e-05           -1.736177875803805e-04
   217            4.401849369446972e-05           -1.953140927144224e-04
   218            0.000000000000000e+00            0.000000000000000e+00
   219            3.725651018440954e-06           -9.151092843658181e-06
   220            7.622812997327923e-06           -1.923035390728513e-05
   221            1.167660560651732e-05           -3.010536502085537e-05
   222            1.582698038446589e-05           -4.160241832113712e-05
   223            1.997405872885407e-05           -5.356924454498902e-05
   224            2.400397950568142e-05           -6.592332840786014e-05
   225            2.783524922925544e-05           -7.865809749035131e-05
   226            3.143799208783271e-05           -9.184493073702762e-05
   227            3.487363157193056e-05           -1.056350901654702e-04
   228            3.832852252023433e-05           -1.202583071229637e-04
   229            4.194104025464149e-05           -1.359800779645351e-04
   230            4.607570098430577e-05           -1.526952143462533e-04
   231            0.000000000000000e+00            0.000000000000000e+00
   232            4.214427313539877e-06           -9.411528220101248e-06
   233            8.622034086987723e-06           -1.979336735922835e-05
   234            1.322602752284025e-05           -3.093295955581443e-05
   235            1.795445437396815e-05           -4.255769141334885e-05
   236            2.267875206061742e-05           -5.445712196316069e-05
   237            2.726891676773542e-05           -6.654173264226604e-05
   238            3.163447052808526e-05           -7.888051038482311e-05
   239            3.578762592079953e-05           -9.160633719917645e-05
   240            3.982737377345859e-05           -1.050273223781236e-04
   241            4.395526533760677e-05           -1.193296407191550e-04
   242            4.816831227700770e-05           -1.348752888166173e-04
   243            0.000000000000000e+00            0.000000000000000e+00
   244            4.760686751571933e-06           -9.689340072755585e-06
   245            9.733863306405511e-06           -2.048222224693425e-05
   246            1.492934999356516e-05           -3.200310128380813e-05
   247            2.023471168954718e-05           -4.382319986839118e-05
   248            2.547514585481327e-05           -5.564503584130245e-05
   249            3.049136769266613e-05           -6.741403232653525e-05
   250            3.519041098624695e-05           -7.921915033159253e-05
   251            3.964138459777319e-05           -9.145885834569490e-05
   252            4.400624849561766e-05           -1.043592041044310e-04
   253            4.833249754776123e-05           -1.183685819926497e-04
   254            0.000000000000000e+00            0.000000000000000e+00
   255            5.482725052535301e-06           -1.000868292357063e-05
   256            1.119296727375865e-05           -2.138455189278002e-05
   257            1.707814533645016e-05           -3.340421464982548e-05
   258            2.291753283026767e-05           -4.544209315399498e-05
   259            2.850752288466109e-05           -5.712975777157029e-05
   260            3.367520973827407e-05           -6.838673633263700e-05
   261            3.846698389936687e-05           -7.959677683254989e-05
   262            4.282406692316691e-05           -9.106290947622751e-05
   263            0.000000000000000e+00            0.000000000000000e+00
   264            6.702622739624800e-06           -1.052395879986808e-05
   265            1.361093270190698e-05           -2.273293439898863e-05
   266            2.031576048775105e-05           -3.521469870237098e-05
   267            2.647112911553117e-05           -4.736723108130115e-05
   268            3.200288458465293e-05           -5.877835268044392e-05
   269            3.695735659285862e-05           -6.940398187468838e-05
   270            4.116479391703124e-05           -7.950921668963672e-05
   271            0.000000000000000e+00            0.000000000000000e+00
   272            8.634122664502896e-06           -1.144180334674272e-05
   273            1.749093228156276e-05           -2.463852982693492e-05
   274            2.501643073098553e-05           -3.730963766015131e-05
   275            3.112576875433752e-05           -4.945060545220264e-05
   276            3.639645700956639e-05           -6.050482164381554e-05
   277            4.034380296502876e-05           -6.995363802676335e-05
   278            5.917822401509942e-06           -1.713265248834797e-04
   279            4.878804204998750e-06           -1.797411228286400e-04
   280            3.570360497190233e-06           -1.911441732843191e-04
   281            2.951846919184665e-06           -2.053410305327670e-04
   282            3.563175990269101e-06           -2.217989411493540e-04
   283            5.663746145006221e-06           -2.396674420835917e-04
   284            9.212486268856079e-06           -2.577902518808867e-04
   285            1.380990293770285e-05           -2.746637644159723e-04
   286            1.866620571692977e-05           -2.880903473784215e-04
   287            2.285097325623887e-05           -2.950190676351723e-04
   288            2.547553766297998e-05           -2.973209095424104e-04
   289            2.586004196068950e-05           -2.961974909752525e-04
   290            2.378776032111808e-05           -2.924460066042068e-04
   291            1.946856191571140e-05           -2.868221166946762e-04
   292            1.346656239637360e-05           -2.800247974894253e-04
   293            6.652898025453973e-06           -2.725881327570377e-04
   294            3.141865733483309e-07           -2.647777103055350e-04
   295           -3.820217030721922e-06           -2.566590087852299e-04
   296           -6.481340220750108e-06           -2.481573582264921e-04
   297           -8.066338475706112e-06           -2.391511045588090e-04
   298           -8.762716981762303e-06           -2.296313583329240e-04
   299           -8.737777626412112e-06           -2.197192572987842e-04
   300           -8.160955032864223e-06           -2.096543848546550e-04
   301           -7.190701111414455e-06           -1.997620059509207e-04
   302           -5.956317683838443e-06           -1.904061936398932e-04
   303           -4.545405566405585e-06           -1.819437492498471e-04
   304           -3.008774062249150e-06           -1.746971359604468e-04
   305           -1.371138889335108e-06           -1.689492789103344e-04
   306            3.473757254463323e-07           -1.649547442026779e-04
   307            2.103993553436674e-06           -1.629503749754480e-04
   308            3.802979514445510e-06           -1.631706016681272e-04
   309            5.245144663807860e-06           -1.658676322294071e-04
   310            5.531804265486719e-06           -1.751405912301250e-04
   311            4.186345019255140e-06           -1.850624002712819e-04
   312            3.138366130924027e-06           -1.979127940232328e-04
   313            3.088831702334016e-06           -2.133306476878745e-04
   314            4.435046309029470e-06           -2.306212856127284e-04
   315            7.289302937573699e-06           -2.487809379603609e-04
   316            1.143775082520669e-05           -2.664941851276769e-04
   317            1.627256321175694e-05           -2.820135276784000e-04
   318            2.091833049091533e-05           -2.922670289772687e-04
   319            2.441792402858400e-05           -2.966521722840586e-04
   320            2.597219485287003e-05           -2.971358208952075e-04
   321            2.512257299176144e-05           -2.946069116514886e-04
   322            2.187450519456985e-05           -2.898306156587298e-04
   323            1.662343330534427e-05           -2.835432286777223e-04
   324            1.008828206323572e-05           -2.763750753779299e-04
   325            3.302735487132906e-06           -2.687297748503405e-04
   326           -1.996304607319467e-06           -2.607702498538431e-04
   327           -5.303567782972396e-06           -2.524697795852673e-04
   328           -7.400193828395363e-06           -2.437203052540386e-04
   329           -8.522653509443313e-06           -2.344474782513014e-04
   330           -8.840061627098098e-06           -2.247071296066933e-04
   331           -8.520508957695946e-06           -2.146822256312182e-04
   332           -7.729671010774378e-06           -2.046604170828075e-04
   333           -6.612339663277570e-06           -1.949919004885990e-04
   334           -5.278762486687888e-06           -1.860407945140554e-04
   335           -3.797378144493227e-06           -1.781488122005581e-04
   336           -2.203661054537275e-06           -1.716165816231361e-04
   337           -5.182085244308015e-07           -1.667117077364026e-04
   338            1.229251067234016e-06           -1.636792956341608e-04
   339            2.974309745130936e-06           -1.627528752728862e-04
   340            4.580218663131846e-06           -1.641758660092104e-04
   341            5.747627980337882e-06           -1.682233766532653e-04
   342            7.381075955447032e-06           -1.693843574207463e-04
   343            7.049579504572059e-06           -1.753903067338052e-04
   344            5.563166186419911e-06           -1.841562300723235e-04
   345            3.710904937648429e-06           -1.958368447279064e-04
   346            2.170423805703002e-06           -2.103428353142732e-04
   347            1.635208109756338e-06           -2.272300926573694e-04
   348            2.776938678507407e-06           -2.455163230750389e-04
   349            6.069964384098008e-06           -2.634798728247459e-04
   350            1.146379187976535e-05           -2.783747153199303e-04
   351            1.738007834505919e-05           -2.875421227033349e-04
   352            2.186537598748473e-05           -2.912686308658963e-04
   353            2.393668110537015e-05           -2.906023473871770e-04
   354            2.301849061068921e-05           -2.866034556137167e-04
   355            1.908754720279122e-05           -2.805448239006833e-04
   356            1.278016337208401e-05           -2.737329242318549e-04
   357            5.358640336125775e-06           -2.672080225551707e-04
   358           -1.359511890315144e-06           -2.614700737175020e-04
   359           -5.712754861066211e-06           -2.559912739073917e-04
   360           -7.678063284229277e-06           -2.498872272621398e-04
   361           -7.724197712720351e-06           -2.426776039863868e-04
   362           -6.373767407224060e-06           -2.340576301044465e-04
   363           -4.271646408842244e-06           -2.240064888517393e-04
   364           -2.090859067378583e-06           -2.128658210393721e-04
   365           -3.720771025060827e-07           -2.013016054574624e-04
   366            6.105000446550129e-07           -1.901592587470713e-04
   367            8.947204131802166e-07           -1.802696898142694e-04
   368            7.800576252450354e-07           -1.722851928740175e-04
   369            7.046048832816223e-07           -1.665839827579341e-04
   370            1.093754130108148e-06           -1.632609540222775e-04
   371            2.208412098635830e-06           -1.621647579584801e-04
   372            4.009211560114506e-06           -1.629945904034795e-04
   373            6.056256337122150e-06           -1.654437653994090e-04
   374            7.382181473027235e-06           -1.721915808380720e-04
   375            6.359388492458325e-06           -1.795981354235981e-04
   376            4.624168448701982e-06           -1.898798848439977e-04
   377            2.886158738096083e-06           -2.030565093010719e-04
   378            1.818727327444956e-06           -2.188715836673339e-04
   379            2.104247789593495e-06           -2.366316498640293e-04
   380            4.327524897782749e-06           -2.550122327837271e-04
   381            8.751096342224444e-06           -2.718227380090376e-04
   382            1.468941057678941e-05           -2.839616831948502e-04
   383            2.000803799006647e-05           -2.902097234424649e-04
   384            2.333975699029936e-05           -2.915866297770040e-04
   385            2.392004978920159e-05           -2.890965327856606e-04
   386            2.143488478732140e-05           -2.839012866327121e-04
   387            1.618893668657491e-05           -2.773122673657773e-04
   388            9.135874284260011e-06           -2.705261932310301e-04
   389            1.814561455883431e-06           -2.643440085230746e-04
   390           -3.827637668457539e-06           -2.588123165211151e-04
   391           -6.934942811108561e-06           -2.530339389512171e-04
   392           -7.912126297411477e-06           -2.463748607195161e-04
   393           -7.232414539622838e-06           -2.384490488032476e-04
   394           -5.473288398945850e-06           -2.290848309946131e-04
   395           -3.299452053991872e-06           -2.184397768675546e-04
   396           -1.327319126380115e-06           -2.070244853684180e-04
   397            2.996832103354810e-08           -1.956071828366622e-04
   398            6.554994718103408e-07           -1.850385247428962e-04
   399            7.246667020423782e-07           -1.760671096899737e-04
   400            6.131519309564029e-07           -1.692091296007860e-04
   401            7.624188604689065e-07           -1.647003393480959e-04
   402            1.524658806825597e-06           -1.625099405759351e-04
   403            3.021305356877552e-06           -1.624082487984504e-04
   404            5.030019242504677e-06           -1.640840152112156e-04
   405            6.864773689902429e-06           -1.672921601611259e-04
   406            7.982308060776162e-06           -1.654522590029055e-04
   407            7.662035509876380e-06           -1.702152895000887e-04
   408            5.844455515063186e-06           -1.775047675839423e-04
   409            3.144607767552171e-06           -1.878364638749663e-04
   410            3.659283554944271e-07           -2.013748028285596e-04
   411           -1.520263529201214e-06           -2.178184716317480e-04
   412           -1.484338102506366e-06           -2.361938091466211e-04
   413            1.244204861496656e-06           -2.546295054578505e-04
   414            6.569469028970328e-06           -2.703907901511320e-04
   415            1.297999991959541e-05           -2.810911181457846e-04
   416            1.845183616767962e-05           -2.861702285508400e-04
   417            2.152422451902996e-05           -2.863030917874296e-04
   418            2.138193600781343e-05           -2.826719435713244e-04
   419            1.790550627315103e-05           -2.768274280820968e-04
   420            1.178624942598697e-05           -2.703911348649620e-04
   421            4.474418822720391e-06           -2.646228023411013e-04
   422           -2.095350601269928e-06           -2.599667760557539e-04
   423           -6.341216477440671e-06           -2.558264207995923e-04
   424           -7.817174868187433e-06           -2.511222204049868e-04
   425           -6.897575840065716e-06           -2.449810806060991e-04
   426           -4.296538174043878e-06           -2.368771105770766e-04
   427           -9.343179913882183e-07           -2.267116497509109e-04
   428            2.239325949689647e-06           -2.148965694150682e-04
   429            4.479767989877321e-06           -2.022923406222168e-04
   430            5.431470042764420e-06           -1.900052900317627e-04
   431            5.193694920285618e-06           -1.791111413733969e-04
   432            4.238095929427099e-06           -1.704324716165211e-04
   433            3.233555679998657e-06           -1.643819746659443e-04
   434            2.818538828902168e-06           -1.609750685534147e-04
   435            3.397143693344913e-06           -1.598675068874818e-04
   436            4.897290757886519e-06           -1.605099205185030e-04
   437            6.775870888034520e-06           -1.624066220334603e-04
   438            8.023234211272053e-06           -1.677633560560162e-04
   439            6.909059028442061e-06           -1.737300371912853e-04
   440            4.579134428520523e-06           -1.825363989462660e-04
   441            1.757444560859824e-06           -1.944989321367078e-04
   442           -6.739642764245687e-07           -2.095729786464829e-04
   443           -1.696827139278951e-06           -2.271586598772421e-04
   444           -3.584613951002457e-07           -2.458491315026535e-04
   445            3.789251554540025e-06           -2.632927827874021e-04
   446            9.902903317205292e-06           -2.766831032308060e-04
   447            1.606962901685730e-05           -2.844897863549400e-04
   448            2.045835335262855e-05           -2.869325897640628e-04
   449            2.196175428116316e-05           -2.849810786459927e-04
   450            2.009851933531885e-05           -2.800172159505650e-04
   451            1.514987921583488e-05           -2.736700147320991e-04
   452            8.201370616502663e-06           -2.674301009063048e-04
   453            1.002737376060395e-06           -2.622083219636276e-04
   454           -4.546853642097042e-06           -2.579048275468931e-04
   455           -7.407193468518079e-06           -2.535823532353318e-04
   456           -7.635151670528048e-06           -2.482156847050563e-04
   457           -5.801022627804753e-06           -2.411155422375727e-04
   458           -2.732254183988631e-06           -2.319585663365130e-04
   459            6.153506796313495e-07           -2.208980105616604e-04
   460            3.371443734791434e-06           -2.085854144528846e-04
   461            4.974953832111894e-06           -1.960295727318729e-04
   462            5.295892811930754e-06           -1.843500673444306e-04
   463            4.638095385571401e-06           -1.745148787510122e-04
   464            3.590701390905209e-06           -1.671454839354526e-04
   465            2.834908088697418e-06           -1.624581203666147e-04
   466            2.906626359778154e-06           -1.602736860351918e-04
   467            3.995823489708903e-06           -1.601249227655715e-04
   468            5.811885467639599e-06           -1.614680416540834e-04
   469            7.511398590915224e-06           -1.639328163346041e-04
   470            8.245187938235039e-06           -1.587832913996996e-04
   471            7.473678704013100e-06           -1.626101852470161e-04
   472            5.106570456157374e-06           -1.688952375428070e-04
   473            1.609828087890419e-06           -1.782951929706767e-04
   474           -2.143262911846073e-06           -1.912737660827275e-04
   475           -5.017952757229519e-06           -2.075140392197450e-04
   476           -5.771028550678266e-06           -2.260334177463277e-04
   477           -3.505481905337828e-06           -2.449800848552548e-04
   478            1.580043768024340e-06           -2.618163167245642e-04
   479            8.147363775886667e-06           -2.741583998703295e-04
   480            1.428203532733503e-05           -2.809016949176733e-04
   481            1.821823329755247e-05           -2.822609927580047e-04
   482            1.888082490519249e-05           -2.793907760505235e-04
   483            1.604660800651170e-05           -2.740601099348366e-04
   484            1.042975055189102e-05           -2.681603092373295e-04
   485            3.565096082976258e-06           -2.630970399765302e-04
   486           -2.605635517822778e-06           -2.593247024974477e-04
   487           -6.471169380794399e-06           -2.562378598753453e-04
   488           -7.363357175537120e-06           -2.526408204082917e-04
   489           -5.518279549991820e-06           -2.473738278446078e-04
   490           -1.765826152680947e-06           -2.396599279545009e-04
   491            2.750416007137175e-06           -2.292982811943450e-04
   492            6.848115906054853e-06           -2.167691333651309e-04
   493            9.616343677428925e-06           -2.031065715517291e-04
   494            1.064179796503615e-05           -1.896391896067993e-04
   495            1.008257228075112e-05           -1.776660169851191e-04
   496            8.507027781172509e-06           -1.680062208709030e-04
   497            6.758210454532843e-06           -1.612066501110665e-04
   498            5.604960814263375e-06           -1.571833024731265e-04
   499            5.492869144789580e-06           -1.554845795142801e-04
   500            6.337619333507438e-06           -1.554320897366128e-04
   501            7.589660262454384e-06           -1.565690213946335e-04
   502            8.069427698135746e-06           -1.606797372003953e-04
   503            6.495109928180759e-06           -1.656559038379459e-04
   504            3.489564612985524e-06           -1.734597066516768e-04
   505           -2.326661848828843e-07           -1.846413602709025e-04
   506           -3.682878045879438e-06           -1.993388392967831e-04
   507           -5.608647125931478e-06           -2.168866377661705e-04
   508           -4.901161453519420e-06           -2.358921684253473e-04
   509           -1.114404979946226e-06           -2.541152721391712e-04
   510            4.943140657539828e-06           -2.688603440717932e-04
   511            1.153100644914898e-05           -2.784047113454584e-04
   512            1.672330592095776e-05           -2.823183570814036e-04
   513            1.908364353292772e-05           -2.813424303980014e-04
   514            1.794392278421013e-05           -2.769806590964941e-04
   515            1.355431479644156e-05           -2.711336977367076e-04
   516            7.067450585470834e-06           -2.655121808777333e-04
   517            2.949992079837396e-07           -2.610864408529401e-04
   518           -4.885258075515176e-06           -2.577594174690951e-04
   519           -7.298813010384108e-06           -2.545459495341232e-04
   520           -6.771761087488361e-06           -2.502125290612076e-04
   521           -3.874804847521703e-06           -2.437696837932320e-04
   522            3.769854183329956e-07           -2.347137469329605e-04
   523            4.791829650038244e-06           -2.231841382396454e-04
   524            8.288737753956029e-06           -2.099622906613273e-04
   525            1.019403941666336e-05           -1.962623873887214e-04
   526            1.037714833141639e-05           -1.834272142291529e-04
   527            9.230332748927416e-06           -1.725615349933814e-04
   528            7.480356249528679e-06           -1.643418740389478e-04
   529            5.965140061332311e-06           -1.589855963192549e-04
   530            5.326444307576206e-06           -1.562244357194929e-04
   531            5.758875900541246e-06           -1.554511963292765e-04
   532            6.938488732460237e-06           -1.560651846935534e-04
   533            8.042429465710568e-06           -1.577344354676570e-04
   534            8.193057998574313e-06           -1.515004255768725e-04
   535            6.814031673961894e-06           -1.548343627917063e-04
   536            3.850896497229063e-06           -1.606607488504951e-04
   537           -2.570354486485588e-07           -1.697192696630107e-04
   538           -4.622876422439227e-06           -1.824522985344047e-04
   539           -8.088263525228933e-06           -1.988223069000687e-04
   540           -9.378594951388388e-06           -2.175712551318417e-04
   541           -7.512866817603069e-06           -2.371172908148543e-04
   542           -2.747226811126890e-06           -2.550544216211810e-04
   543            3.898928009727267e-06           -2.689145972354691e-04
   544            1.044374917854506e-05           -2.772329686660151e-04
   545            1.506115970225690e-05           -2.797706360317771e-04
   546            1.645347335102094e-05           -2.775943237693577e-04
   547            1.427034221226516e-05           -2.726849583454499e-04
   548            9.217674662585823e-06           -2.671668837766135e-04
   549            2.848397580967141e-06           -2.625745383610856e-04
   550           -2.875988596740731e-06           -2.593924179338046e-04
   551           -6.300780105532643e-06           -2.570243631772766e-04
   552           -6.622502150997310e-06           -2.541933166198919e-04
   553           -3.998106997283155e-06           -2.495344928802296e-04
   554            6.747328736611952e-07           -2.420529457261897e-04
   555            6.095808383396238e-06           -2.314359571008963e-04
   556            1.090478435376898e-05           -2.182286043953209e-04
   557            1.407683275632364e-05           -2.036053308191223e-04
   558            1.518775444816633e-05           -1.890876984150370e-04
   559            1.443605794622417e-05           -1.761041730941038e-04
   560            1.243991047752027e-05           -1.654766717900664e-04
   561            1.019120475992875e-05           -1.577778661594070e-04
   562            8.427833272008608e-06           -1.529076114320132e-04
   563            7.604615294235310e-06           -1.503281374391553e-04
   564            7.772262890085599e-06           -1.494697158275630e-04
   565            8.256508283593205e-06           -1.499025111846975e-04
   566            7.722583811403631e-06           -1.531994829528229e-04
   567            5.559264094667334e-06           -1.576751664293336e-04
   568            1.939530422194373e-06           -1.650622472106212e-04
   569           -2.400237239059208e-06           -1.759065608139460e-04
   570           -6.457833955803068e-06           -1.905522540557261e-04
   571           -8.983393190526125e-06           -2.082578048310823e-04
   572           -8.746216755307099e-06           -2.276616482534599e-04
   573           -5.313148796885078e-06           -2.467192048690088e-04
   574            6.201100470383579e-07           -2.627857791349051e-04
   575            7.447272414547034e-06           -2.739490081917206e-04
   576            1.321624786650669e-05           -2.792592168287677e-04
   577            1.630625529298700e-05           -2.792122004485084e-04
   578            1.586177383542955e-05           -2.753758406990064e-04
   579            1.207558686362362e-05           -2.699078858280040e-04
   580            6.112880810052937e-06           -2.647078449292168e-04
   581           -1.942633915348538e-07           -2.608174401543345e-04
   582           -4.948161789728053e-06           -2.581528394864379e-04
   583           -6.877295623195338e-06           -2.557070029338177e-04
   584           -5.676397422263304e-06           -2.520959067880760e-04
   585           -1.912203765418281e-06           -2.460995278961461e-04
   586            3.276553454650093e-06           -2.370433840865060e-04
   587            8.524988762200586e-06           -2.250293858762047e-04
   588            1.258671665235898e-05           -2.109697606082916e-04
   589            1.473109817858425e-05           -1.962460743675708e-04
   590            1.485736178002246e-05           -1.823676234518134e-04
   591            1.338927117349756e-05           -1.705131149606366e-04
   592            1.115852691424602e-05           -1.613715972498546e-04
   593            9.100657220806124e-06           -1.551579264531388e-04
   594            7.791187363105398e-06           -1.515503023817824e-04
   595            7.530096549843929e-06           -1.499214276489100e-04
   596            7.984391411813073e-06           -1.497938104863181e-04
   597            8.338899143328569e-06           -1.508088521762052e-04
   598            7.979709266029591e-06           -1.415170789308644e-04
   599            5.742249836345013e-06           -1.444126834214399e-04
   600            1.888329612485056e-06           -1.500789756332687e-04
   601           -2.918118458582672e-06           -1.590767180249576e-04
   602           -7.846068890913142e-06           -1.717080442951277e-04
   603           -1.210606646372063e-05           -1.884899137059613e-04
   604           -1.413216272597813e-05           -2.077382530626629e-04
   605           -1.302585240538113e-05           -2.283852804691794e-04
   606           -8.491064334411063e-06           -2.479615093940942e-04
   607           -1.773331648330148e-06           -2.639017703461507e-04
   608            5.410563447297346e-06           -2.742770884866751e-04
   609            1.115266999133719e-05           -2.780428289435659e-04
   610            1.351341277848256e-05           -2.764090958450283e-04
   611            1.232720687063317e-05           -2.716124319609753e-04
   612            7.990797650310260e-06           -2.662847910906154e-04
   613            2.175829523296953e-06           -2.621057938425278e-04
   614           -3.097270853315802e-06           -2.596358485686234e-04
   615           -5.975687948754788e-06           -2.582072932334384e-04
   616           -5.480482845005471e-06           -2.563895861228678e-04
   617           -1.771161403322518e-06           -2.525518918424287e-04
   618            4.144788888271800e-06           -2.453798346482973e-04
   619            1.072640372336612e-05           -2.344276697326650e-04
   620            1.637900471330556e-05           -2.201462851186624e-04
   621            1.988396562778333e-05           -2.040701926724124e-04
   622            2.098182489915237e-05           -1.881117053872500e-04
   623            1.991091850894357e-05           -1.737156583229633e-04
   624            1.733997193236299e-05           -1.617859924042301e-04
   625            1.450584027303063e-05           -1.528523063779774e-04
   626            1.200025489731820e-05           -1.467225489593637e-04
   627            1.021386935413765e-05           -1.428085256096859e-04
   628            9.454008213414904e-06           -1.409620763099657e-04
   629            8.956422535557374e-06           -1.405638139268938e-04
   630            7.055894889790360e-06           -1.430568561495881e-04
   631            4.023542413817056e-06           -1.471314747992537e-04
   632           -3.331460922058399e-07           -1.545126751656932e-04
   633           -5.332508255678884e-06           -1.652319511315636e-04
   634           -1.004369968670761e-05           -1.799482910328662e-04
   635           -1.321891712757598e-05           -1.981487273303919e-04
   636           -1.392654822184268e-05           -2.183067236771534e-04
   637           -1.096219558281157e-05           -2.388414473249887e-04
   638           -5.130881706522902e-06           -2.565920726749139e-04
   639            2.047359827214500e-06           -2.699972595171808e-04
   640            8.772336132508421e-06           -2.770074564259683e-04
   641            1.282622753240141e-05           -2.778451739741773e-04
   642            1.346090495625952e-05           -2.742670789004192e-04
   643            1.050123999530972e-05           -2.689048396939758e-04
   644            5.132202242381488e-06           -2.640036123289373e-04
   645           -6.790221184176373e-07           -2.606771707325706e-04
   646           -4.909179819137662e-06           -2.588340982276654e-04
   647           -6.181406161299643e-06           -2.573856203620091e-04
   648           -4.047213015728562e-06           -2.547289352494066e-04
   649            8.972197254630298e-07           -2.493362434253531e-04
   650            7.347194179681646e-06           -2.402181847284908e-04
   651            1.359611857013377e-05           -2.275481108168913e-04
   652            1.822646866283504e-05           -2.121551666865805e-04
   653            2.053969439674323e-05           -1.960178544922966e-04
   654            2.048860031476198e-05           -1.806980753390719e-04
   655            1.856286100366542e-05           -1.674578848684676e-04
   656            1.580016831843637e-05           -1.571132875425211e-04
   657            1.302360095716848e-05           -1.496290419340776e-04
   658            1.090834704555683e-05           -1.447685425685739e-04
   659            9.537886020429900e-06           -1.418723299590295e-04
   660            9.267445816693045e-06           -1.409109091616769e-04
   661            8.567164593891862e-06           -1.411477779532263e-04
   662            7.765726984026573e-06           -1.315338237761557e-04
   663            4.430591968582120e-06           -1.343462172541231e-04
   664            1.829915554272595e-07           -1.394716000639661e-04
   665           -5.373148656254792e-06           -1.491694175290546e-04
   666           -1.102268024768861e-05           -1.622038623854131e-04
   667           -1.620104601625132e-05           -1.791632704217921e-04
   668           -1.886813417821404e-05           -1.996088017245053e-04
   669           -1.871017548957769e-05           -2.210341999635706e-04
   670           -1.472084936780446e-05           -2.423178966196466e-04
   671           -7.863297785838471e-06           -2.607837182599122e-04
   672            4.087544561519068e-08           -2.732628650930820e-04
   673            7.547792905691454e-06           -2.776701319437315e-04
   674            1.104974208097787e-05           -2.759603606871970e-04
   675            1.101658576238453e-05           -2.707835337102810e-04
   676            7.342255411435169e-06           -2.653231161373964e-04
   677            1.891478498583295e-06           -2.613610951872620e-04
   678           -3.177548232849011e-06           -2.596091681399403e-04
   679           -5.619595942050123e-06           -2.592833586510326e-04
   680           -4.229403987990796e-06           -2.586551542698919e-04
   681            7.052594263633233e-07           -2.557984276077182e-04
   682            7.991573089926823e-06           -2.490891838332782e-04
   683            1.581130191093324e-05           -2.378707846734773e-04
   684            2.233016541580721e-05           -2.223514900648626e-04
   685            2.580275384566730e-05           -2.044685434995841e-04
   686            2.665283442782877e-05           -1.870597150017687e-04
   687            2.525077954527748e-05           -1.712146143046870e-04
   688            2.175243746076225e-05           -1.579356902911894e-04
   689            1.835603070659295e-05           -1.477312774694659e-04
   690            1.513129157190816e-05           -1.402458006022052e-04
   691            1.266115500657273e-05           -1.352917474690815e-04
   692            1.136028248861842e-05           -1.325969549917066e-04
   693            9.341441112325097e-06           -1.311927979711837e-04
   694            6.091687754372519e-06           -1.331669269941641e-04
   695            2.563366095088248e-06           -1.369290780162836e-04
   696           -2.494392754681397e-06           -1.441902706169464e-04
   697           -8.240652895290941e-06           -1.555647796006920e-04
   698           -1.357546913061054e-05           -1.705262623166803e-04
   699           -1.739404446748956e-05           -1.889171352100058e-04
   700           -1.947691807359467e-05           -2.104341491328095e-04
   701           -1.679258059986658e-05           -2.321405874377927e-04
   702           -1.133155029518855e-05           -2.521910985557635e-04
   703           -3.834362148003240e-06           -2.679346906011483e-04
   704            4.422927646110743e-06           -2.764083378244226e-04
   705            9.592170199754056e-06           -2.776014893440062e-04
   706            1.166071601411111e-05           -2.736162790166379e-04
   707            9.510291760718552e-06           -2.678747240329580e-04
   708            4.545991329509175e-06           -2.630196575759239e-04
   709           -9.693157659264820e-07           -2.602216740236515e-04
   710           -4.778871261970836e-06           -2.592841118340195e-04
   711           -5.408576022489936e-06           -2.589970626678786e-04
   712           -2.255924039718844e-06           -2.574981824816538e-04
   713            4.030771439132322e-06           -2.528817347555766e-04
   714            1.192804023106754e-05           -2.437478850560916e-04
   715            1.916938469956723e-05           -2.304986012474961e-04
   716            2.412028733401752e-05           -2.133680168012398e-04
   717            2.635592049120250e-05           -1.956872686398095e-04
   718            2.593789122767553e-05           -1.788887747923761e-04
   719            2.339875463658624e-05           -1.639116792340845e-04
   720            2.004543355829213e-05           -1.527405938060561e-04
   721            1.635722591538892e-05           -1.436768545863492e-04
   722            1.369450851135439e-05           -1.378226707659627e-04
   723            1.146065645657071e-05           -1.337179313061712e-04
   724            1.023064126372030e-05           -1.319501396871576e-04
   725            8.489297641230127e-06           -1.315587021899362e-04
   726            0.000000000000000e+00            0.000000000000000e+00
   727           -1.125951762953515e-05           -9.229694464346504e-06
   728           -2.472192655882183e-05           -2.278471825336095e-05
   729           -3.469814778019556e-05           -3.553040594131731e-05
   730           -4.217460358626614e-05           -4.802672778580796e-05
   731           -4.789374043831644e-05           -6.532197638249491e-05
   732           -4.654007533589872e-05           -7.553940778483718e-05
   733           -4.957988761434804e-05           -8.842717197053442e-05
   734           -5.392822337715057e-05           -1.045211408298608e-04
   735           -5.818313476068450e-05           -1.242435027772087e-04
   736           -6.121055248624895e-05           -1.481473250069755e-04
   737           -6.154206677938022e-05           -1.768438651463987e-04
   738           -5.675844329648134e-05           -2.103960298916600e-04
   739           -4.321004108152487e-05           -2.459763218482964e-04
   740           -1.942637457000312e-05           -2.730872568833565e-04
   741            3.482142034324965e-06           -2.783207120369243e-04
   742            1.026794935191858e-05           -2.717886287697557e-04
   743            9.081097512365604e-06           -2.635202711900838e-04
   744            3.032707450687672e-06           -2.582202079105159e-04
   745           -3.045596187687032e-06           -2.576938183665844e-04
   746           -4.692753662953910e-06           -2.603940730455773e-04
   747            2.705956346501555e-07           -2.624855552588764e-04
   748            1.098889355616024e-05           -2.597085319473188e-04
   749            2.404485366803302e-05           -2.490354187094429e-04
   750            3.919480151005762e-05           -2.234990394744937e-04
   751            4.742888235146567e-05           -1.947578979946528e-04
   752            5.049103312229207e-05           -1.693272784863003e-04
   753            5.104418916361038e-05           -1.472969853223091e-04
   754            5.006118126708816e-05           -1.277861425386288e-04
   755            4.796974264145431e-05           -1.103980942609301e-04
   756            4.520458144769395e-05           -9.506181307745254e-05
   757            4.240079053298315e-05           -8.179193722076853e-05
   758            4.064881144815345e-05           -7.059315244976838e-05
   759            4.254203641969768e-05           -6.125039388225698e-05
   760            3.781309982479562e-05           -4.538805617891060e-05
   761            3.142752195450667e-05           -3.371506925438866e-05
   762            2.264893467469408e-05           -2.162044418748823e-05
   763            1.043604014786889e-05           -8.680878344156944e-06
   764            0.000000000000000e+00            0.000000000000000e+00
   765           -6.630588114968345e-06           -5.348041062919743e-06
   766           -1.862317614350680e-05           -1.626584410218824e-05
   767           -3.004641039470508e-05           -2.920279084537680e-05
   768           -3.873389703888307e-05           -4.182266317685553e-05
   769           -4.606541606554178e-05           -5.717986261257039e-05
   770           -4.624186617769519e-05           -7.022094501958447e-05
   771           -4.778777792830390e-05           -8.162007346621889e-05
   772           -5.170228257097325e-05           -9.605121500064201e-05
   773           -5.614408221769816e-05           -1.139015772786311e-04
   774           -5.994004728387609e-05           -1.356370448233511e-04
   775           -6.185735555424024e-05           -1.618623929809469e-04
   776           -6.002218547505604e-05           -1.930500873546578e-04
   777           -5.129726730762227e-05           -2.282879070949109e-04
   778           -3.216902397190749e-05           -2.614885693323487e-04
   779           -6.453282557177734e-06           -2.786926037568455e-04
   780            7.958757434432395e-06           -2.756732130191420e-04
   781            1.050959594195654e-05           -2.675721782080469e-04
   782            6.366515689128929e-06           -2.603552730790669e-04
   783           -3.172747491122834e-07           -2.574279900377059e-04
   784           -4.618797173000598e-06           -2.588734472068796e-04
   785           -3.044459913317880e-06           -2.618007724820986e-04
   786            5.076529425577048e-06           -2.619265789924900e-04
   787            1.749475100892985e-05           -2.554574520190843e-04
   788            3.218432428649917e-05           -2.372690432306764e-04
   789            4.418980962857744e-05           -2.088748692992186e-04
   790            4.940794522816437e-05           -1.815555825267561e-04
   791            5.100770739842993e-05           -1.579565596124945e-04
   792            5.071940777927730e-05           -1.372630584664204e-04
   793            4.913267342931469e-05           -1.188358971885979e-04
   794            4.664052481729623e-05           -1.024726415649881e-04
   795            4.376256512100843e-05           -8.816525231189912e-05
   796            4.130259264166462e-05           -7.594670019804711e-05
   797            4.078392048333128e-05           -6.578311977342808e-05
   798            4.105192510178941e-05           -5.380028130223905e-05
   799            3.489769289125946e-05           -3.961869771861208e-05
   800            2.736652460622222e-05           -2.773111162897163e-05
   801            1.716085770155452e-05           -1.539042160741812e-05
   802            6.159125329630376e-06           -5.004747829532338e-06
   803            0.000000000000000e+00            0.000000000000000e+00
   804           -8.362198079431120e-06           -7.959557935245916e-06
   805           -2.174661347828853e-05           -2.181547593758291e-05
   806           -3.171847109808172e-05           -3.477460548507919e-05
   807           -3.926918937026428e-05           -4.747786094739875e-05
   808           -4.554441826315726e-05           -6.428999057025665e-05
   809           -4.556581014238628e-05           -7.416311338461966e-05
   810           -4.863721556113248e-05           -8.680068613327025e-05
   811           -5.274756346969582e-05           -1.025345672472435e-04
   812           -5.658569187555404e-05           -1.218104307672669e-04
   813           -5.900807773853492e-05           -1.451720002647828e-04
   814           -5.850316586602512e-05           -1.732383355432588e-04
   815           -5.265787919237001e-05           -2.062060524317370e-04
   816           -3.822730315281714e-05           -2.418187123704880e-04
   817           -1.508745730035525e-05           -2.705980302084380e-04
   818            4.966781618304837e-06           -2.783883085175589e-04
   819            1.038386496188803e-05           -2.727365562535013e-04
   820            8.768688204598857e-06           -2.650733752089723e-04
   821            2.793614219020872e-06           -2.598027826132423e-04
   822           -3.153351168191844e-06           -2.586303541627345e-04
   823           -5.004149393707850e-06           -2.602061122970973e-04
   824           -7.722976018815829e-07           -2.610815006182421e-04
   825            8.746811275163282e-06           -2.573944044119083e-04
   826            2.039011886427848e-05           -2.463440248875144e-04
   827            3.533602238736833e-05           -2.199936777148300e-04
   828            4.437795239473993e-05           -1.915188370886493e-04
   829            4.814676718956511e-05           -1.665843627388945e-04
   830            4.917013692487679e-05           -1.449223288323263e-04
   831            4.854017227869572e-05           -1.256964959419470e-04
   832            4.673490339824456e-05           -1.085588263395206e-04
   833            4.419166760613804e-05           -9.345657101642796e-05
   834            4.151608793291130e-05           -8.039868660913554e-05
   835            3.969492373506894e-05           -6.935272753131239e-05
   836            4.034799585816673e-05           -6.032548095554013e-05
   837            3.511964475227763e-05           -4.492516732351387e-05
   838            2.862301675896626e-05           -3.305956625351799e-05
   839            1.981509455679104e-05           -2.075585999158549e-05
   840            7.685889523169221e-06           -7.517225066552011e-06
   841            0.000000000000000e+00            0.000000000000000e+00
   842           -4.109702650238849e-06           -3.842261884094913e-06
   843           -1.560899042355715e-05           -1.509383540381532e-05
   844           -2.706132129808168e-05           -2.832974110426281e-05
   845           -3.578151183957360e-05           -4.116433062216223e-05
   846           -4.303824878234063e-05           -5.628120257004723e-05
   847           -4.496755220599311e-05           -6.916560140755075e-05
   848           -4.685969196886361e-05           -8.013197370276927e-05
   849           -5.065419430749683e-05           -9.425436549819536e-05
   850           -5.476686427725247e-05           -1.117016242926719e-04
   851           -5.805229077289321e-05           -1.329426209020968e-04
   852           -5.924911398599195e-05           -1.585791701806904e-04
   853           -5.645517364622976e-05           -1.891420402810371e-04
   854           -4.669916341360907e-05           -2.240316944910638e-04
   855           -2.734068610247654e-05           -2.580191396077889e-04
   856           -3.516555899373947e-06           -2.775670958111634e-04
   857            8.704254185307566e-06           -2.762020788818540e-04
   858            1.034500866724165e-05           -2.689520711109729e-04
   859            6.049945984448968e-06           -2.621187338740513e-04
   860           -4.727418525563344e-07           -2.588499754351145e-04
   861           -4.780556181620458e-06           -2.592875930741508e-04
   862           -3.716848129937451e-06           -2.608795432765882e-04
   863            3.317078491729427e-06           -2.597958801149396e-04
   864            1.425956521124128e-05           -2.526133533789179e-04
   865            2.831358316078849e-05           -2.340922075914328e-04
   866            4.070710529723816e-05           -2.054514877001720e-04
   867            4.672597533824936e-05           -1.785758876454554e-04
   868            4.890956127756247e-05           -1.554083554285434e-04
   869            4.902779564630251e-05           -1.350359773913835e-04
   870            4.775849940080654e-05           -1.168740131760344e-04
   871            4.552181667116796e-05           -1.007539304487543e-04
   872            4.282198764705489e-05           -8.667074858929634e-05
   873            4.040630317047780e-05           -7.463897318424415e-05
   874            3.952856672054952e-05           -6.481699968384781e-05
   875            3.828135623301161e-05           -5.301243506836459e-05
   876            3.213958581377396e-05           -3.905458759355943e-05
   877            2.453844268672676e-05           -2.696166577991320e-05
   878            1.428891646625083e-05           -1.432827533735163e-05
   879            3.782383268941735e-06           -3.615775023385180e-06
   880            0.000000000000000e+00            0.000000000000000e+00
   881           -6.623996815511316e-06           -6.867237750418233e-06
   882           -1.924405807909807e-05           -2.085636526454809e-05
   883           -2.909308512764345e-05           -3.401891187076391e-05
   884           -3.671082556031537e-05           -4.691828895778116e-05
   885           -4.330900757878938e-05           -6.303419782170851e-05
   886           -4.435155678630026e-05           -7.259351874017644e-05
   887           -4.752144274635419e-05           -8.505987008252721e-05
   888           -5.143562791884193e-05           -1.004841512180044e-04
   889           -5.488426768351900e-05           -1.193489452068519e-04
   890           -5.673921120085885e-05           -1.422107797013680e-04
   891           -5.549547400867911e-05           -1.697273163009937e-04
   892           -4.885451217892549e-05           -2.022804412326998e-04
   893           -3.404029099632609e-05           -2.381805669081205e-04
   894           -1.158916055847868e-05           -2.685721388149217e-04
   895            6.616614321537568e-06           -2.782411780170916e-04
   896            1.078257941291324e-05           -2.733950606222668e-04
   897            8.701544138777732e-06           -2.662427363318394e-04
   898            2.705347048265535e-06           -2.609868003983780e-04
   899           -3.201312351789468e-06           -2.592519157271695e-04
   900           -5.289848020539300e-06           -2.598501306364841e-04
   901           -1.745570049245203e-06           -2.596647871347576e-04
   902            6.692888050527914e-06           -2.551946409801506e-04
   903            1.716142612147959e-05           -2.439356986510178e-04
   904            3.190463319443856e-05           -2.167864606936638e-04
   905            4.141329455949106e-05           -1.883887965771670e-04
   906            4.577821717391531e-05           -1.638756811384023e-04
   907            4.726423050317675e-05           -1.425629987230487e-04
   908            4.698753101424494e-05           -1.236124069493624e-04
   909            4.545335084214878e-05           -1.067078676366128e-04
   910            4.310484689414858e-05           -9.181284389279955e-05
   911            4.051328265043506e-05           -7.892170165616104e-05
   912            3.855698905523456e-05           -6.795660369389884e-05
   913            3.825318010439532e-05           -5.921347655528615e-05
   914            3.274140351603483e-05           -4.444994177440838e-05
   915            2.615765128543408e-05           -3.240230464767520e-05
   916            1.744462737784395e-05           -1.990045176215823e-05
   917            6.042687534696622e-06           -6.523630155643061e-06
   918            0.000000000000000e+00            0.000000000000000e+00
   919           -3.293627495552243e-06           -3.247091368477072e-06
   920           -1.329400447698488e-05           -1.402935839175815e-05
   921           -2.446509768298959e-05           -2.747616668822610e-05
   922           -3.316010712761041e-05           -4.050014911089418e-05
   923           -4.040514991088684e-05           -5.528220726951511e-05
   924           -4.348108017442835e-05           -6.781468753839641e-05
   925           -4.574654714678306e-05           -7.850144842506355e-05
   926           -4.946268367263727e-05           -9.237436538511423e-05
   927           -5.327254864618174e-05           -1.094559282573999e-04
   928           -5.607798216952647e-05           -1.302395910921079e-04
   929           -5.662032475751778e-05           -1.553457477901518e-04
   930           -5.302958256719733e-05           -1.853942253516459e-04
   931           -4.257691691925316e-05           -2.201188421281656e-04
   932           -2.332292285191839e-05           -2.550368225462532e-04
   933           -9.186294019293785e-07           -2.765615452088183e-04
   934            9.628394977481840e-06           -2.764701525285554e-04
   935            1.046471703341714e-05           -2.698729630658828e-04
   936            5.960542443096302e-06           -2.633156184540800e-04
   937           -5.205051626675532e-07           -2.597724805903656e-04
   938           -4.902415322490597e-06           -2.594268642926340e-04
   939           -4.291294677816801e-06           -2.599810136675491e-04
   940            1.853730147570073e-06           -2.579593608955402e-04
   941            1.164073985048973e-05           -2.502515798682283e-04
   942            2.489022451369648e-05           -2.311969174544795e-04
   943            3.744800724974490e-05           -2.022110379024417e-04
   944            4.406247208885451e-05           -1.756626888263884e-04
   945            4.679024234858329e-05           -1.528883469570167e-04
   946            4.730794448035819e-05           -1.328222657950824e-04
   947            4.634414261052258e-05           -1.149090325099128e-04
   948            4.434226208358473e-05           -9.901002294384985e-05
   949            4.179116862648545e-05           -8.511908111892859e-05
   950            3.937513933412577e-05           -7.322048459781312e-05
   951            3.811076172174599e-05           -6.361091082901916e-05
   952            3.585065447668481e-05           -5.213955439719692e-05
   953            2.969048392039867e-05           -3.848398812029386e-05
   954            2.208745214448296e-05           -2.620944125671117e-05
   955            1.209328602877418e-05           -1.336845910939949e-05
   956            3.009673745350952e-06           -3.078504446430628e-06
   957            0.000000000000000e+00            0.000000000000000e+00
   958           -4.907964934122720e-06           -5.792053197105245e-06
   959           -1.529143958696918e-05           -1.908951579121264e-05
   960           -2.452199323498836e-05           -3.243106402443699e-05
   961           -3.220371042284564e-05           -4.558549188298898e-05
   962           -3.872634016136412e-05           -5.978409097523367e-05
   963           -4.109814934068474e-05           -6.853805658027196e-05
   964           -4.454572891522205e-05           -8.088188201598571e-05
   965           -4.811867148090421e-05           -9.577581901078851e-05
   966           -5.080748787306271e-05           -1.138852362279147e-04
   967           -5.157133577355946e-05           -1.357655506626105e-04
   968           -4.909906367330235e-05           -1.622528423895839e-04
   969           -4.146152797542478e-05           -1.942103918288541e-04
   970           -2.665275645734648e-05           -2.312085214333879e-04
   971           -5.811326451019949e-06           -2.654296754175083e-04
   972            1.050071210677066e-05           -2.781536804246717e-04
   973            1.244225587752211e-05           -2.743543017403125e-04
   974            9.267153693384608e-06           -2.679391009765034e-04
   975            2.923660909539254e-06           -2.625922388278891e-04
   976           -3.173271835024177e-06           -2.598064429924782e-04
   977           -5.883492227724696e-06           -2.586587283166602e-04
   978           -3.723725434856015e-06           -2.565866676419127e-04
   979            2.690836894363264e-06           -2.507708840543859e-04
   980            1.103032348008272e-05           -2.393960422890117e-04
   981            2.543283194274160e-05           -2.102493543565715e-04
   982            3.525054155664602e-05           -1.818059385113828e-04
   983            4.060507623631134e-05           -1.580575602932084e-04
   984            4.303230918080811e-05           -1.374674488931880e-04
   985            4.346346170777989e-05           -1.190606943279405e-04
   986            4.246763499599774e-05           -1.026073108276012e-04
   987            4.046904985362786e-05           -8.807084630428212e-05
   988            3.795900184623451e-05           -7.541189109732280e-05
   989            3.561955938823740e-05           -6.439010248630610e-05
   990            3.397396868821595e-05           -5.637041410696273e-05
   991            2.854226552416383e-05           -4.332864884345150e-05
   992            2.188373946840835e-05           -3.103337580486563e-05
   993            1.372893267449286e-05           -1.834508251374188e-05
   994            4.427531778070188e-06           -5.577080062396988e-06
   995            0.000000000000000e+00            0.000000000000000e+00
   996           -2.412414200600816e-06           -2.738568045760858e-06
   997           -1.012504033979010e-05           -1.235760563356460e-05
   998           -2.008634285725566e-05           -2.577113414795400e-05
   999           -2.853314355375859e-05           -3.903452631473128e-05
  1000           -3.560952158641295e-05           -5.283045038795015e-05
  1001           -3.980265844896019e-05           -6.418042457885151e-05
  1002           -4.275245046222726e-05           -7.443120450998191e-05
  1003           -4.640480676715394e-05           -8.795221901525342e-05
  1004           -4.965955818967571e-05           -1.043739234448040e-04
  1005           -5.150061805413338e-05           -1.242988655871272e-04
  1006           -5.085174494227955e-05           -1.484037015130872e-04
  1007           -4.601661205174647e-05           -1.775707429134283e-04
  1008           -3.503156321727049e-05           -2.122921935724466e-04
  1009           -1.675308541490112e-05           -2.497064406307457e-04
  1010            3.990409107324806e-06           -2.753363889152094e-04
  1011            1.229533882598551e-05           -2.768611245805140e-04
  1012            1.148859353526574e-05           -2.712302528370543e-04
  1013            6.345189370898233e-06           -2.650147413992644e-04
  1014           -3.467199297894635e-07           -2.609069184654028e-04
  1015           -5.101321968226983e-06           -2.591391204019973e-04
  1016           -5.471381433249015e-06           -2.578302105122149e-04
  1017           -1.042950981497955e-06           -2.541420680724405e-04
  1018            6.612331631499169e-06           -2.456612130699471e-04
  1019            1.854272062503528e-05           -2.254739275731293e-04
  1020            3.098980628912807e-05           -1.954626362666163e-04
  1021            3.832370246695047e-05           -1.694838544829118e-04
  1022            4.209196185346179e-05           -1.474669011485906e-04
  1023            4.346113180232393e-05           -1.280225677569044e-04
  1024            4.310908231341796e-05           -1.105921227392147e-04
  1025            4.158018909989266e-05           -9.508522060910988e-05
  1026            3.925338666680463e-05           -8.149919284281991e-05
  1027            3.672591371123051e-05           -6.971486463369308e-05
  1028            3.467626578190899e-05           -6.040462249734891e-05
  1029            3.140807778630016e-05           -5.001533255144514e-05
  1030            2.537529751339389e-05           -3.723567578230902e-05
  1031            1.798131222581988e-05           -2.472311470830880e-05
  1032            9.110393097847148e-06           -1.188967946250249e-05
  1033            2.180328614110888e-06           -2.638308089600823e-06
  1034            0.000000000000000e+00            0.000000000000000e+00
  1035           -4.211364128081010e-06           -5.449894233202614e-06
  1036           -1.345031754166225e-05           -1.797430138044662e-05
  1037           -2.182348975375305e-05           -3.104691079462612e-05
  1038           -2.932219381022699e-05           -4.417458936133591e-05
  1039           -3.460540356561186e-05           -5.605960574450074e-05
  1040           -3.741739436554283e-05           -6.378862492444365e-05
  1041           -4.104710903473441e-05           -7.625282593733720e-05
  1042           -4.444407121160500e-05           -9.086711465828023e-05
  1043           -4.643383167794079e-05           -1.084923412066982e-04
  1044           -4.615958750698522e-05           -1.295362715723310e-04
  1045           -4.299797464277933e-05           -1.551745180853603e-04
  1046           -3.524736959815571e-05           -1.866428375618351e-04
  1047           -2.140075548899876e-05           -2.243026687703132e-04
  1048           -1.801146064331522e-06           -2.638994319473284e-04
  1049            1.456613244180035e-05           -2.791060438296196e-04
  1050            1.499242476418227e-05           -2.751810619455200e-04
  1051            1.067948643861377e-05           -2.689130030825350e-04
  1052            3.632523374810954e-06           -2.632300456591295e-04
  1053           -2.965797623077961e-06           -2.595457153440745e-04
  1054           -6.395627786278727e-06           -2.570681251521530e-04
  1055           -5.475712881939573e-06           -2.535938505357255e-04
  1056           -6.873424570775817e-07           -2.468630395376005e-04
  1057            5.935907241419149e-06           -2.356869790276953e-04
  1058            2.015064437073222e-05           -2.040677780644973e-04
  1059            2.954514117759655e-05           -1.753681240232659e-04
  1060            3.555590790455939e-05           -1.524735346083866e-04
  1061            3.874077677304364e-05           -1.325551111306768e-04
  1062            3.979303423420640e-05           -1.146153809251884e-04
  1063            3.933628878005507e-05           -9.851826306873114e-05
  1064            3.763824085091435e-05           -8.417116638390723e-05
  1065            3.509195035173810e-05           -7.154630540203805e-05
  1066            3.240952593478939e-05           -6.027788471316444e-05
  1067            3.015479214893690e-05           -5.313546486245644e-05
  1068            2.588625177859054e-05           -4.218675242553811e-05
  1069            1.940670126914628e-05           -2.988932895266782e-05
  1070            1.204835876332507e-05           -1.741747657173223e-05
  1071            3.807724520435713e-06           -5.311993914230378e-06
  1072            0.000000000000000e+00            0.000000000000000e+00
  1073           -2.212920270843657e-06           -2.610680276445302e-06
  1074           -8.918717155021357e-06           -1.170216454235978e-05
  1075           -1.755485450442632e-05           -2.442910460751291e-05
  1076           -2.548798014772743e-05           -3.760139922920533e-05
  1077           -3.193277019274413e-05           -5.011815564007627e-05
  1078           -3.583629448210367e-05           -5.994461970085712e-05
  1079           -3.908197088849621e-05           -6.975531550209069e-05
  1080           -4.275025512508651e-05           -8.313237865045214e-05
  1081           -4.562603837470051e-05           -9.907506942321723e-05
  1082           -4.662227725210517e-05           -1.182996472421793e-04
  1083           -4.526117123057297e-05           -1.416104354564261e-04
  1084           -3.977009887135816e-05           -1.700905718196396e-04
  1085           -2.926874522202620e-05           -2.049486663880007e-04
  1086           -1.272534072174029e-05           -2.452363816831479e-04
  1087            8.114040277708210e-06           -2.759089159917122e-04
  1088            1.572429959815362e-05           -2.775770222710003e-04
  1089            1.344671211905535e-05           -2.721468002975378e-04
  1090            7.467780299287664e-06           -2.658531012251374e-04
  1091            1.788019586669046e-07           -2.611473578524288e-04
  1092           -5.224271895777261e-06           -2.582611842524912e-04
  1093           -6.556747091888555e-06           -2.555548325417734e-04
  1094           -3.561808764860873e-06           -2.506442503824120e-04
  1095            2.375885330812691e-06           -2.418198535773814e-04
  1096            1.336284748138562e-05           -2.201971060666816e-04
  1097            2.528896001136454e-05           -1.888117542857348e-04
  1098            3.284263803068104e-05           -1.635839628675006e-04
  1099            3.745680271843036e-05           -1.422914141800180e-04
  1100            3.957751381887593e-05           -1.233078061390870e-04
  1101            3.968837939845171e-05           -1.062547191869722e-04
  1102            3.859218671652486e-05           -9.102182960229412e-05
  1103            3.634472263993317e-05           -7.758363991996961e-05
  1104            3.369255360854768e-05           -6.575331360373938e-05
  1105            3.109964968963380e-05           -5.671628958639827e-05
  1106            2.803709531391979e-05           -4.769994662439682e-05
  1107            2.256069098879710e-05           -3.604243903303319e-05
  1108            1.564813333682632e-05           -2.359000280462002e-05
  1109            8.001868843369817e-06           -1.136515207837220e-05
  1110            2.015749752214377e-06           -2.540141808564546e-06

The strain ENERGY is: 1.061718786130466e+00.